TITLE     = "Nondimensionalized exp PIV data along lines"
# Note: nearest PIV data point chosen; points near body have been removed
# Vel2d = sqrt(u**2+w**2)
VARIABLES = "X","Y","Z","u/Uinf","w/Uinf","Vel2d/Uinf"
ZONE T="plane 1, window B, line 1, a7"
 1.162446655E+03 2.463860016E+02 -5.069139862E+01 8.552054167E-01 8.318638206E-01 1.193052292E+00
 1.162446655E+03 2.463860016E+02 -4.962472916E+01 8.865835071E-01 7.594205737E-01 1.167368770E+00
 1.162446655E+03 2.463860016E+02 -4.855807114E+01 9.967826605E-01 7.461917996E-01 1.245141745E+00
 1.162446655E+03 2.463860016E+02 -4.749140167E+01 1.092476487E+00 7.655854821E-01 1.334026217E+00
 1.162446655E+03 2.463860016E+02 -4.642472839E+01 1.130401492E+00 7.688900232E-01 1.367113471E+00
 1.162446655E+03 2.463860016E+02 -4.535807037E+01 1.192149997E+00 7.687359452E-01 1.418512106E+00
 1.162446655E+03 2.463860016E+02 -4.429139709E+01 1.209501863E+00 7.469958663E-01 1.421582818E+00
 1.162446655E+03 2.463860016E+02 -4.322472763E+01 1.225624681E+00 7.499523759E-01 1.436866283E+00
 1.162446655E+03 2.463860016E+02 -4.215807343E+01 1.240697742E+00 7.384334803E-01 1.443819523E+00
 1.162446655E+03 2.463860016E+02 -4.109140015E+01 1.244316816E+00 7.237098217E-01 1.439472318E+00
 1.162446655E+03 2.463860016E+02 -4.002474213E+01 1.251438260E+00 7.186843157E-01 1.443123341E+00
 1.162446655E+03 2.463860016E+02 -3.895806885E+01 1.251274824E+00 7.115147710E-01 1.439424157E+00
 1.162446655E+03 2.463860016E+02 -3.789139938E+01 1.262485266E+00 7.026795149E-01 1.444862366E+00
 1.162446655E+03 2.463860016E+02 -3.682472992E+01 1.267741442E+00 6.898922324E-01 1.443301678E+00
 1.162446655E+03 2.463860016E+02 -3.575806808E+01 1.288435221E+00 6.836320162E-01 1.458567142E+00
 1.162446655E+03 2.463860016E+02 -3.469139862E+01 1.279479146E+00 6.760795116E-01 1.447117925E+00
 1.162446655E+03 2.463860016E+02 -3.362473297E+01 1.274709702E+00 6.608244181E-01 1.435818076E+00
 1.162446655E+03 2.463860016E+02 -3.255807114E+01 1.296750665E+00 6.577927470E-01 1.454047322E+00
 1.162446655E+03 2.463860016E+02 -3.149140167E+01 1.305513024E+00 6.542812586E-01 1.460290432E+00
 1.162446655E+03 2.463860016E+02 -3.042473984E+01 1.301227808E+00 6.392313838E-01 1.449762344E+00
 1.162446655E+03 2.463860016E+02 -2.935807037E+01 1.305559754E+00 6.230842471E-01 1.446623683E+00
 1.162446655E+03 2.463860016E+02 -2.829139900E+01 1.309794903E+00 6.111279726E-01 1.445351124E+00
 1.162446655E+03 2.463860016E+02 -2.722472954E+01 1.307700038E+00 6.059607267E-01 1.441272974E+00
 1.162446655E+03 2.463860016E+02 -2.615806770E+01 1.230468631E+00 5.608782172E-01 1.352271318E+00
 1.162446655E+03 2.463860016E+02 -2.509140205E+01 1.229125142E+00 5.477136374E-01 1.345636845E+00
 1.162446655E+03 2.463860016E+02 -2.402474213E+01 1.296229124E+00 5.776430964E-01 1.419112921E+00
 1.162446655E+03 2.463860016E+02 -2.295807076E+01 1.317363262E+00 5.657270551E-01 1.433699131E+00
 1.162446655E+03 2.463860016E+02 -2.189140129E+01 1.313858867E+00 5.562776327E-01 1.426769137E+00
 1.162446655E+03 2.463860016E+02 -2.082472992E+01 1.312080622E+00 5.497862697E-01 1.422610521E+00
 1.162446655E+03 2.463860016E+02 -1.975806999E+01 1.300926089E+00 5.419191122E-01 1.409285188E+00
 1.162446655E+03 2.463860016E+02 -1.869139862E+01 1.312425852E+00 5.351940989E-01 1.417354703E+00
 1.162446655E+03 2.463860016E+02 -1.762472916E+01 1.274590969E+00 5.045016408E-01 1.370804071E+00
 1.162446655E+03 2.463860016E+02 -1.655807304E+01 1.274380088E+00 4.953111708E-01 1.367251992E+00
 1.162446655E+03 2.463860016E+02 -1.549140167E+01 1.290369391E+00 5.060847998E-01 1.386064649E+00
 1.162446655E+03 2.463860016E+02 -1.442474079E+01 1.279837012E+00 5.011601448E-01 1.374461532E+00
 1.162446655E+03 2.463860016E+02 -1.335807037E+01 1.279026508E+00 4.965012372E-01 1.372013927E+00
 1.162446655E+03 2.463860016E+02 -1.229139996E+01 1.294978976E+00 4.977083206E-01 1.387329817E+00
 1.162446655E+03 2.463860016E+02 -1.122472954E+01 1.299901724E+00 4.896402061E-01 1.389061451E+00
 1.162446655E+03 2.463860016E+02 -1.015806866E+01 1.295334339E+00 4.768901467E-01 1.380331635E+00
 1.162446655E+03 2.463860016E+02 -9.091398239E+00 1.283028007E+00 4.636634588E-01 1.364237905E+00
 1.162446655E+03 2.463860016E+02 -8.024742126E+00 1.297039866E+00 4.646545053E-01 1.377757668E+00
 1.162446655E+03 2.463860016E+02 -6.958071709E+00 1.283274770E+00 4.551940560E-01 1.361614943E+00
 1.162446655E+03 2.463860016E+02 -5.891401768E+00 1.285338283E+00 4.578801692E-01 1.364459157E+00
 1.162446655E+03 2.463860016E+02 -4.824736118E+00 1.296651125E+00 4.541131258E-01 1.373871446E+00
 1.162446655E+03 2.463860016E+02 -3.758070230E+00 1.296852231E+00 4.418804944E-01 1.370067239E+00
 1.162446655E+03 2.463860016E+02 -2.691404581E+00 1.297292948E+00 4.487124681E-01 1.372702360E+00
 1.162446655E+03 2.463860016E+02 -1.624738932E+00 1.278092861E+00 4.399661422E-01 1.351699471E+00
 1.162446655E+03 2.463860016E+02 -5.580732822E-01 1.278111339E+00 4.311698079E-01 1.348879576E+00
 1.162446655E+03 2.463860016E+02 5.086019039E-01 1.283407807E+00 4.272562265E-01 1.352657914E+00
 1.162446655E+03 2.463860016E+02 1.575267553E+00 1.276699066E+00 4.148285091E-01 1.342401981E+00
 1.162446655E+03 2.463860016E+02 2.641933203E+00 1.279274821E+00 4.153039753E-01 1.344998717E+00
 1.162446655E+03 2.463860016E+02 3.708598852E+00 1.268574476E+00 4.173171818E-01 1.335453033E+00
ZONE T="plane 1, window B, line 2, a7"
 1.181646606E+03 2.463860016E+02 -3.575806808E+01 1.544912696E+00 7.045125961E-01 1.697967410E+00
 1.181646606E+03 2.463860016E+02 -3.469139862E+01 1.470764041E+00 6.567404866E-01 1.610731125E+00
 1.181646606E+03 2.463860016E+02 -3.362473297E+01 1.472831130E+00 6.537725329E-01 1.611412406E+00
 1.181646606E+03 2.463860016E+02 -3.255807114E+01 1.531667233E+00 6.575959921E-01 1.666864395E+00
 1.181646606E+03 2.463860016E+02 -3.149140167E+01 1.526891708E+00 6.188904047E-01 1.647550821E+00
 1.181646606E+03 2.463860016E+02 -3.042473984E+01 1.512080789E+00 5.912099481E-01 1.623550773E+00
 1.181646606E+03 2.463860016E+02 -2.935807037E+01 1.520089507E+00 5.837301016E-01 1.628316045E+00
 1.181646606E+03 2.463860016E+02 -2.829139900E+01 1.530627012E+00 5.752820373E-01 1.635166287E+00
 1.181646606E+03 2.463860016E+02 -2.722472954E+01 1.488725424E+00 5.579833984E-01 1.589858174E+00
 1.181646606E+03 2.463860016E+02 -2.615806770E+01 1.477025986E+00 5.446255207E-01 1.574237227E+00
 1.181646606E+03 2.463860016E+02 -2.509140205E+01 1.482474923E+00 5.411036015E-01 1.578139782E+00
 1.181646606E+03 2.463860016E+02 -2.402474213E+01 1.484693527E+00 5.296873450E-01 1.576351285E+00
 1.181646606E+03 2.463860016E+02 -2.295807076E+01 1.426923513E+00 5.007097721E-01 1.512223840E+00
 1.181646606E+03 2.463860016E+02 -2.189140129E+01 1.456072688E+00 5.029599667E-01 1.540492415E+00
 1.181646606E+03 2.463860016E+02 -2.082472992E+01 1.459242582E+00 4.946907163E-01 1.540814042E+00
 1.181646606E+03 2.463860016E+02 -1.975806999E+01 1.453329086E+00 4.870305657E-01 1.532763600E+00
 1.181646606E+03 2.463860016E+02 -1.869139862E+01 1.443274021E+00 4.817062020E-01 1.521539092E+00
 1.181646606E+03 2.463860016E+02 -1.762472916E+01 1.432737112E+00 4.696450531E-01 1.507747412E+00
 1.181646606E+03 2.463860016E+02 -1.655807304E+01 1.420154452E+00 4.562408626E-01 1.491641521E+00
 1.181646606E+03 2.463860016E+02 -1.549140167E+01 1.430768609E+00 4.509128034E-01 1.500140429E+00
 1.181646606E+03 2.463860016E+02 -1.442474079E+01 1.443943620E+00 4.451811910E-01 1.511012793E+00
 1.181646606E+03 2.463860016E+02 -1.335807037E+01 1.423053384E+00 4.402381182E-01 1.489594102E+00
 1.181646606E+03 2.463860016E+02 -1.229139996E+01 1.390955687E+00 4.317144454E-01 1.456411719E+00
 1.181646606E+03 2.463860016E+02 -1.122472954E+01 1.409932375E+00 4.326075912E-01 1.474807858E+00
 1.181646606E+03 2.463860016E+02 -1.015806866E+01 1.406076908E+00 4.178863168E-01 1.466861129E+00
 1.181646606E+03 2.463860016E+02 -9.091398239E+00 1.385377765E+00 3.938934505E-01 1.440286040E+00
 1.181646606E+03 2.463860016E+02 -8.024742126E+00 1.398912311E+00 4.095457792E-01 1.457629442E+00
 1.181646606E+03 2.463860016E+02 -6.958071709E+00 1.404071212E+00 4.002701044E-01 1.460010886E+00
 1.181646606E+03 2.463860016E+02 -5.891401768E+00 1.357084274E+00 3.975602090E-01 1.414118648E+00
 1.181646606E+03 2.463860016E+02 -4.824736118E+00 1.365815043E+00 3.792346418E-01 1.417487025E+00
 1.181646606E+03 2.463860016E+02 -3.758070230E+00 1.370473146E+00 3.873325586E-01 1.424156904E+00
 1.181646606E+03 2.463860016E+02 -2.691404581E+00 1.353585124E+00 3.854954839E-01 1.407408953E+00
 1.181646606E+03 2.463860016E+02 -1.624738932E+00 1.346687317E+00 3.827257752E-01 1.400016308E+00
 1.181646606E+03 2.463860016E+02 -5.580732822E-01 1.361839175E+00 3.765448332E-01 1.412937403E+00
 1.181646606E+03 2.463860016E+02 5.086019039E-01 1.371343136E+00 3.826309741E-01 1.423723459E+00
 1.181646606E+03 2.463860016E+02 1.575267553E+00 1.350201011E+00 3.806837201E-01 1.402840972E+00
 1.181646606E+03 2.463860016E+02 2.641933203E+00 1.325953722E+00 3.745707273E-01 1.377844930E+00
 1.181646606E+03 2.463860016E+02 3.708598852E+00 1.330641031E+00 3.696465790E-01 1.381030202E+00
ZONE T="plane 1, window C, line 1, a7"
 1.296280029E+03 2.463860016E+02 -3.022888947E+01 1.345188260E+00 1.587242936E-03 1.345189214E+00
 1.296280029E+03 2.463860016E+02 -2.922888947E+01 1.362222910E+00 4.133025650E-03 1.362229109E+00
 1.296280029E+03 2.463860016E+02 -2.822890091E+01 1.380233169E+00 -1.555510680E-03 1.380233884E+00
 1.296280029E+03 2.463860016E+02 -2.722890091E+01 1.400863409E+00 2.163539175E-03 1.400865197E+00
 1.296280029E+03 2.463860016E+02 -2.622888756E+01 1.419945240E+00 4.464843776E-03 1.419952393E+00
 1.296280029E+03 2.463860016E+02 -2.522888947E+01 1.433868647E+00 2.131635789E-03 1.433870196E+00
 1.296280029E+03 2.463860016E+02 -2.422888947E+01 1.441308975E+00 -1.878245501E-03 1.441310167E+00
 1.296280029E+03 2.463860016E+02 -2.322890091E+01 1.442688346E+00 -1.004883416E-05 1.442688346E+00
 1.296280029E+03 2.463860016E+02 -2.222890091E+01 1.444899797E+00 2.475559013E-03 1.444901943E+00
 1.296280029E+03 2.463860016E+02 -2.122888756E+01 1.445563555E+00 5.409370176E-03 1.445573568E+00
 1.296280029E+03 2.463860016E+02 -2.022888947E+01 1.439966559E+00 7.147947326E-03 1.439984441E+00
 1.296280029E+03 2.463860016E+02 -1.922888947E+01 1.439723253E+00 1.335309725E-02 1.439785004E+00
 1.296280029E+03 2.463860016E+02 -1.822890091E+01 1.441186070E+00 1.037992630E-02 1.441223383E+00
 1.296280029E+03 2.463860016E+02 -1.722890091E+01 1.437586069E+00 1.145856734E-02 1.437631726E+00
 1.296280029E+03 2.463860016E+02 -1.622888756E+01 1.436577082E+00 2.366777323E-02 1.436772108E+00
 1.296280029E+03 2.463860016E+02 -1.522888851E+01 1.433715701E+00 2.382880449E-02 1.433913708E+00
 1.296280029E+03 2.463860016E+02 -1.422888947E+01 1.426943064E+00 2.359540947E-02 1.427138090E+00
 1.296280029E+03 2.463860016E+02 -1.322889996E+01 1.432761788E+00 2.618464828E-02 1.433000922E+00
 1.296280029E+03 2.463860016E+02 -1.222890091E+01 1.430269957E+00 2.410027944E-02 1.430473089E+00
 1.296280029E+03 2.463860016E+02 -1.122888756E+01 1.382492542E+00 2.364261076E-02 1.382694602E+00
 1.296280029E+03 2.463860016E+02 -1.022888851E+01 1.386426449E+00 3.692678362E-02 1.386918187E+00
 1.296280029E+03 2.463860016E+02 -9.228889465E+00 1.429655671E+00 3.929268941E-02 1.430195570E+00
 1.296280029E+03 2.463860016E+02 -8.228899956E+00 1.426885009E+00 3.997184709E-02 1.427444696E+00
 1.296280029E+03 2.463860016E+02 -7.228891373E+00 1.426473022E+00 4.104195908E-02 1.427063227E+00
 1.296280029E+03 2.463860016E+02 -6.228887558E+00 1.424119234E+00 5.375713110E-02 1.425133348E+00
 1.296280029E+03 2.463860016E+02 -5.228888512E+00 1.417324781E+00 5.681418255E-02 1.418463111E+00
 1.296280029E+03 2.463860016E+02 -4.228889465E+00 1.416430235E+00 5.241930485E-02 1.417400002E+00
 1.296280029E+03 2.463860016E+02 -3.228895426E+00 1.415243983E+00 5.542278662E-02 1.416328788E+00
 1.296280029E+03 2.463860016E+02 -2.228891611E+00 1.416642785E+00 5.614151061E-02 1.417754769E+00
 1.296280029E+03 2.463860016E+02 -1.228897333E+00 1.415857077E+00 5.910651386E-02 1.417090297E+00
 1.296280029E+03 2.463860016E+02 -2.288935184E-01 1.413703442E+00 6.331552565E-02 1.415120602E+00
 1.296280029E+03 2.463860016E+02 7.711102962E-01 1.410442233E+00 6.573895365E-02 1.411973476E+00
 1.296280029E+03 2.463860016E+02 1.771104574E+00 1.410980940E+00 6.412844360E-02 1.412437558E+00
 1.296280029E+03 2.463860016E+02 2.771108389E+00 1.411114812E+00 6.880018860E-02 1.412790895E+00
 1.296280029E+03 2.463860016E+02 3.771102667E+00 1.408016920E+00 7.308436930E-02 1.409912348E+00
 1.296280029E+03 2.463860016E+02 4.771106243E+00 1.406497598E+00 7.250509411E-02 1.408365130E+00
 1.296280029E+03 2.463860016E+02 5.771110535E+00 1.403948426E+00 6.988691539E-02 1.405686855E+00
 1.296280029E+03 2.463860016E+02 6.771104813E+00 1.398200393E+00 7.599862665E-02 1.400264263E+00
 1.296280029E+03 2.463860016E+02 7.771108627E+00 1.396990418E+00 8.038660139E-02 1.399301291E+00
 1.296280029E+03 2.463860016E+02 8.771102905E+00 1.399898648E+00 8.141095191E-02 1.402263761E+00
 1.296280029E+03 2.463860016E+02 9.771106720E+00 1.396677256E+00 8.384978026E-02 1.399191976E+00
 1.296280029E+03 2.463860016E+02 1.077111053E+01 1.396762729E+00 8.301784843E-02 1.399227619E+00
 1.296280029E+03 2.463860016E+02 1.177110481E+01 1.395520449E+00 8.445213735E-02 1.398073435E+00
 1.296280029E+03 2.463860016E+02 1.277110863E+01 1.390361786E+00 8.394388855E-02 1.392893553E+00
 1.296280029E+03 2.463860016E+02 1.377110291E+01 1.389572859E+00 8.078873903E-02 1.391919494E+00
 1.296280029E+03 2.463860016E+02 1.477110672E+01 1.383519530E+00 8.295726031E-02 1.386004329E+00
 1.296280029E+03 2.463860016E+02 1.577111053E+01 1.380908728E+00 8.802429587E-02 1.383711338E+00
 1.296280029E+03 2.463860016E+02 1.677110481E+01 1.382505536E+00 8.845210820E-02 1.385332227E+00
 1.296280029E+03 2.463860016E+02 1.777110863E+01 1.383520126E+00 8.740638942E-02 1.386278391E+00
 1.296280029E+03 2.463860016E+02 1.877110291E+01 1.383326769E+00 8.607085794E-02 1.386001706E+00
 1.296280029E+03 2.463860016E+02 1.977110672E+01 1.380767703E+00 9.028206766E-02 1.383716226E+00
 1.296280029E+03 2.463860016E+02 2.077111053E+01 1.379181147E+00 9.307750314E-02 1.382318377E+00
 1.296280029E+03 2.463860016E+02 2.177110481E+01 1.377590775E+00 9.338977188E-02 1.380752683E+00
 1.296280029E+03 2.463860016E+02 2.277110863E+01 1.373431802E+00 9.060911834E-02 1.376417398E+00
 1.296280029E+03 2.463860016E+02 2.377110291E+01 1.368768692E+00 9.354377538E-02 1.371961474E+00
 1.296280029E+03 2.463860016E+02 2.477110672E+01 1.367728591E+00 9.622024000E-02 1.371108890E+00
 1.296280029E+03 2.463860016E+02 2.577111053E+01 1.365865827E+00 9.287022054E-02 1.369019628E+00
 1.296280029E+03 2.463860016E+02 2.677110481E+01 1.368781924E+00 9.242203832E-02 1.371898532E+00
 1.296280029E+03 2.463860016E+02 2.777110863E+01 1.372581363E+00 9.492444992E-02 1.375859857E+00
 1.296280029E+03 2.463860016E+02 2.877110291E+01 1.367189169E+00 9.543151408E-02 1.370515704E+00
 1.296280029E+03 2.463860016E+02 2.977110672E+01 1.362765789E+00 9.537602961E-02 1.366099238E+00
 1.296280029E+03 2.463860016E+02 3.077111053E+01 1.360214472E+00 9.828145802E-02 1.363760471E+00
 1.296280029E+03 2.463860016E+02 3.177110481E+01 1.362507343E+00 9.945777804E-02 1.366132617E+00
 1.296280029E+03 2.463860016E+02 3.277110672E+01 1.363467932E+00 9.895597398E-02 1.367054105E+00
 1.296280029E+03 2.463860016E+02 3.377110291E+01 1.360196233E+00 9.973970056E-02 1.363848090E+00
 1.296280029E+03 2.463860016E+02 3.477110672E+01 1.361172438E+00 1.031903923E-01 1.365078211E+00
 1.296280029E+03 2.463860016E+02 3.577111053E+01 1.360436320E+00 1.020065770E-01 1.364255309E+00
 1.296280029E+03 2.463860016E+02 3.677110291E+01 1.355211377E+00 9.910193831E-02 1.358829975E+00
ZONE T="plane 1, window D, line 1, a7"
 1.461479980E+03 2.463860016E+02 -4.982889938E+01 8.206663132E-01 -1.045844331E-01 8.273035884E-01
 1.461479980E+03 2.463860016E+02 -4.882889938E+01 8.897134662E-01 -1.052624062E-01 8.959186673E-01
 1.461479980E+03 2.463860016E+02 -4.782889938E+01 9.357808828E-01 -1.029238477E-01 9.414240718E-01
 1.461479980E+03 2.463860016E+02 -4.682889938E+01 9.816327691E-01 -1.038949564E-01 9.871155024E-01
 1.461479980E+03 2.463860016E+02 -4.582889938E+01 1.017472863E+00 -1.081122905E-01 1.023200512E+00
 1.461479980E+03 2.463860016E+02 -4.482889938E+01 1.040491104E+00 -1.056887284E-01 1.045845151E+00
 1.461479980E+03 2.463860016E+02 -4.382889938E+01 1.078841448E+00 -1.114874035E-01 1.084586620E+00
 1.461479980E+03 2.463860016E+02 -4.282889938E+01 1.131172180E+00 -1.178014204E-01 1.137289643E+00
 1.461479980E+03 2.463860016E+02 -4.182890320E+01 1.165418744E+00 -1.215666011E-01 1.171741962E+00
 1.461479980E+03 2.463860016E+02 -4.082889938E+01 1.189589024E+00 -1.230451241E-01 1.195935726E+00
 1.461479980E+03 2.463860016E+02 -3.982889938E+01 1.217146039E+00 -1.251425296E-01 1.223562479E+00
 1.461479980E+03 2.463860016E+02 -3.882889938E+01 1.240592599E+00 -1.289786398E-01 1.247279286E+00
 1.461479980E+03 2.463860016E+02 -3.782889938E+01 1.266113162E+00 -1.334863305E-01 1.273130536E+00
 1.461479980E+03 2.463860016E+02 -3.682890320E+01 1.292350292E+00 -1.288048476E-01 1.298753262E+00
 1.461479980E+03 2.463860016E+02 -3.582889938E+01 1.309584975E+00 -1.236784011E-01 1.315412045E+00
 1.461479980E+03 2.463860016E+02 -3.482889938E+01 1.319749713E+00 -1.239382178E-01 1.325556397E+00
 1.461479980E+03 2.463860016E+02 -3.382889938E+01 1.328328609E+00 -1.254806817E-01 1.334242225E+00
 1.461479980E+03 2.463860016E+02 -3.282889938E+01 1.338567853E+00 -1.239133105E-01 1.344291091E+00
 1.461479980E+03 2.463860016E+02 -3.182890129E+01 1.344257712E+00 -1.230783612E-01 1.349880457E+00
 1.461479980E+03 2.463860016E+02 -3.082889748E+01 1.352693558E+00 -1.220040321E-01 1.358184338E+00
 1.461479980E+03 2.463860016E+02 -2.982889938E+01 1.358808398E+00 -1.195092872E-01 1.364053845E+00
 1.461479980E+03 2.463860016E+02 -2.882889938E+01 1.363087177E+00 -1.159051433E-01 1.368005991E+00
 1.461479980E+03 2.463860016E+02 -2.782890129E+01 1.365801454E+00 -1.158682331E-01 1.370707393E+00
 1.461479980E+03 2.463860016E+02 -2.682890129E+01 1.366381764E+00 -1.152988598E-01 1.371237636E+00
 1.461479980E+03 2.463860016E+02 -2.582889748E+01 1.365456700E+00 -1.138073504E-01 1.370191336E+00
 1.461479980E+03 2.463860016E+02 -2.482889938E+01 1.363430262E+00 -1.102555022E-01 1.367881060E+00
 1.461479980E+03 2.463860016E+02 -2.382889938E+01 1.365203619E+00 -1.113739014E-01 1.369739056E+00
 1.461479980E+03 2.463860016E+02 -2.282890129E+01 1.367586255E+00 -1.075307876E-01 1.371807218E+00
 1.461479980E+03 2.463860016E+02 -2.182890129E+01 1.366521955E+00 -1.049443483E-01 1.370545745E+00
 1.461479980E+03 2.463860016E+02 -2.082889748E+01 1.363565683E+00 -1.078393534E-01 1.367823243E+00
 1.461479980E+03 2.463860016E+02 -1.982889938E+01 1.362785816E+00 -1.096832529E-01 1.367192626E+00
 1.461479980E+03 2.463860016E+02 -1.882889938E+01 1.361630917E+00 -1.073682085E-01 1.365857482E+00
 1.461479980E+03 2.463860016E+02 -1.782890129E+01 1.361949325E+00 -1.058382168E-01 1.366055608E+00
 1.461479980E+03 2.463860016E+02 -1.682890129E+01 1.360764265E+00 -1.055595651E-01 1.364852548E+00
 1.461479980E+03 2.463860016E+02 -1.582889748E+01 1.358012676E+00 -1.028089225E-01 1.361898661E+00
 1.461479980E+03 2.463860016E+02 -1.482889843E+01 1.357037425E+00 -1.019877344E-01 1.360864520E+00
 1.461479980E+03 2.463860016E+02 -1.382889938E+01 1.359474897E+00 -1.031102240E-01 1.363379598E+00
 1.461479980E+03 2.463860016E+02 -1.282890034E+01 1.357819796E+00 -1.013130918E-01 1.361594319E+00
 1.461479980E+03 2.463860016E+02 -1.182890129E+01 1.355907679E+00 -1.021399498E-01 1.359749198E+00
 1.461479980E+03 2.463860016E+02 -1.082889748E+01 1.354127526E+00 -9.986814857E-02 1.357805252E+00
 1.461479980E+03 2.463860016E+02 -9.828898430E+00 1.353258491E+00 -9.791378677E-02 1.356796145E+00
 1.461479980E+03 2.463860016E+02 -8.828899384E+00 1.355646253E+00 -9.998437017E-02 1.359328508E+00
 1.461479980E+03 2.463860016E+02 -7.828900337E+00 1.355721951E+00 -1.013546884E-01 1.359505296E+00
 1.461479980E+03 2.463860016E+02 -6.828901768E+00 1.352329373E+00 -9.899495542E-02 1.355947971E+00
 1.461479980E+03 2.463860016E+02 -5.828897476E+00 1.350306988E+00 -9.639884531E-02 1.353743672E+00
 1.461479980E+03 2.463860016E+02 -4.828903198E+00 1.352406621E+00 -9.671245515E-02 1.355860114E+00
 1.461479980E+03 2.463860016E+02 -3.828899622E+00 1.353289247E+00 -9.666686505E-02 1.356737375E+00
 1.461479980E+03 2.463860016E+02 -2.828895807E+00 1.350711584E+00 -9.531399608E-02 1.354070306E+00
 1.461479980E+03 2.463860016E+02 -1.828901529E+00 1.349663258E+00 -9.108402580E-02 1.352733374E+00
 1.461479980E+03 2.463860016E+02 -8.288977146E-01 1.349328160E+00 -8.868063986E-02 1.352239132E+00
 1.461479980E+03 2.463860016E+02 1.710965633E-01 1.349756360E+00 -8.992090821E-02 1.352748394E+00
 1.461479980E+03 2.463860016E+02 1.171100378E+00 1.351602316E+00 -9.232018143E-02 1.354751587E+00
 1.461479980E+03 2.463860016E+02 2.171104193E+00 1.350940347E+00 -9.216918051E-02 1.354080796E+00
 1.461479980E+03 2.463860016E+02 3.171098471E+00 1.349923611E+00 -8.636296540E-02 1.352683425E+00
 1.461479980E+03 2.463860016E+02 4.171102524E+00 1.350097537E+00 -8.599778265E-02 1.352833629E+00
 1.461479980E+03 2.463860016E+02 5.171096802E+00 1.350021124E+00 -8.598992974E-02 1.352756977E+00
 1.461479980E+03 2.463860016E+02 6.171100616E+00 1.350833058E+00 -8.504923433E-02 1.353507757E+00
 1.461479980E+03 2.463860016E+02 7.171104431E+00 1.349207282E+00 -8.533582091E-02 1.351903439E+00
 1.461479980E+03 2.463860016E+02 8.171098709E+00 1.348137975E+00 -8.663501590E-02 1.350918889E+00
 1.461479980E+03 2.463860016E+02 9.171102524E+00 1.349671125E+00 -8.287637681E-02 1.352213264E+00
 1.461479980E+03 2.463860016E+02 1.017109680E+01 1.345224857E+00 -7.709064335E-02 1.347432017E+00
 1.461479980E+03 2.463860016E+02 1.117110062E+01 1.346260190E+00 -7.878957689E-02 1.348563910E+00
 1.461479980E+03 2.463860016E+02 1.217110443E+01 1.347621679E+00 -7.747089863E-02 1.349846601E+00
 1.461479980E+03 2.463860016E+02 1.317109871E+01 1.348020196E+00 -7.493914664E-02 1.350101590E+00
 1.461479980E+03 2.463860016E+02 1.417110252E+01 1.345840096E+00 -7.854967564E-02 1.348130465E+00
 1.461479980E+03 2.463860016E+02 1.517109680E+01 1.343826771E+00 -7.932253927E-02 1.346165895E+00
 1.461479980E+03 2.463860016E+02 1.617110062E+01 1.343432665E+00 -7.798400521E-02 1.345694065E+00
ZONE T="plane 2, window B, line 1, a7"
#NO DATA
 -999 -999 -999 -999 -999 -999
ZONE T="plane 2, window B, line 2, a7"
#NO DATA
 -999 -999 -999 -999 -999 -999
ZONE T="plane 2, window D, line 1, a7"
 1.749739990E+03 9.795960083E+02 -3.466998041E-01 1.362868905E+00 -5.723170936E-02 1.364070058E+00
 1.749739990E+03 9.795960083E+02 2.932991087E-01 1.463237286E+00 -5.436418951E-02 1.464246869E+00
 1.749739990E+03 9.795960083E+02 9.333004355E-01 1.511593223E+00 -5.300677940E-02 1.512522340E+00
 1.749739990E+03 9.795960083E+02 1.573299289E+00 1.524664640E+00 -5.066185072E-02 1.525506258E+00
 1.749739990E+03 9.795960083E+02 2.213300705E+00 1.523385167E+00 -5.036506429E-02 1.524217486E+00
 1.749739990E+03 9.795960083E+02 2.853299618E+00 1.519269824E+00 -5.128470436E-02 1.520135283E+00
 1.749739990E+03 9.795960083E+02 3.493300915E+00 1.515521765E+00 -5.084491894E-02 1.516374469E+00
 1.749739990E+03 9.795960083E+02 4.133302212E+00 1.520486951E+00 -5.008412525E-02 1.521311522E+00
 1.749739990E+03 9.795960083E+02 4.773289204E+00 1.531910300E+00 -5.031647161E-02 1.532736421E+00
 1.749739990E+03 9.795960083E+02 5.413300037E+00 1.544666529E+00 -4.944679886E-02 1.545457721E+00
 1.749739990E+03 9.795960083E+02 6.053301334E+00 1.551908016E+00 -4.904353991E-02 1.552682757E+00
 1.749739990E+03 9.795960083E+02 6.693297863E+00 1.553025603E+00 -5.140750110E-02 1.553876162E+00
 1.749739990E+03 9.795960083E+02 7.333289623E+00 1.552595615E+00 -5.109833926E-02 1.553436279E+00
 1.749739990E+03 9.795960083E+02 7.973300457E+00 1.551276684E+00 -5.202470347E-02 1.552148819E+00
 1.749739990E+03 9.795960083E+02 8.613301277E+00 1.547704935E+00 -5.214836448E-02 1.548583269E+00
 1.749739990E+03 9.795960083E+02 9.253288269E+00 1.546722054E+00 -5.047435313E-02 1.547545314E+00
 1.749739990E+03 9.795960083E+02 9.893289566E+00 1.544309258E+00 -4.969223961E-02 1.545108557E+00
 1.749739990E+03 9.795960083E+02 1.053330040E+01 1.540465713E+00 -4.965680465E-02 1.541265726E+00
 1.749739990E+03 9.795960083E+02 1.117330170E+01 1.538226843E+00 -4.996299744E-02 1.539038062E+00
 1.749739990E+03 9.795960083E+02 1.181328869E+01 1.537919760E+00 -4.934044182E-02 1.538711071E+00
 1.749739990E+03 9.795960083E+02 1.245329952E+01 1.535884619E+00 -5.009681731E-02 1.536701441E+00
 1.749739990E+03 9.795960083E+02 1.309330082E+01 1.534479618E+00 -4.893455282E-02 1.535259724E+00
 1.749739990E+03 9.795960083E+02 1.373328781E+01 1.532210708E+00 -4.833421484E-02 1.532972813E+00
 1.749739990E+03 9.795960083E+02 1.437328911E+01 1.529861927E+00 -4.813205451E-02 1.530618906E+00
 1.749739990E+03 9.795960083E+02 1.501329994E+01 1.528745651E+00 -4.695641994E-02 1.529466629E+00
 1.749739990E+03 9.795960083E+02 1.565329170E+01 1.524997234E+00 -4.612851888E-02 1.525694728E+00
 1.749739990E+03 9.795960083E+02 1.629328918E+01 1.523420095E+00 -4.715187848E-02 1.524149537E+00
 1.749739990E+03 9.795960083E+02 1.693329048E+01 1.521042466E+00 -4.724349454E-02 1.521775961E+00
 1.749739990E+03 9.795960083E+02 1.757330132E+01 1.519550920E+00 -4.625764117E-02 1.520254850E+00
 1.749739990E+03 9.795960083E+02 1.821328735E+01 1.516953945E+00 -4.681015015E-02 1.517675996E+00
 1.749739990E+03 9.795960083E+02 1.885328865E+01 1.514987350E+00 -4.666251689E-02 1.515705705E+00
 1.749739990E+03 9.795960083E+02 1.949329948E+01 1.514800787E+00 -4.621587694E-02 1.515505552E+00
 1.749739990E+03 9.795960083E+02 2.013329124E+01 1.512975454E+00 -4.527913034E-02 1.513652802E+00
 1.749739990E+03 9.795960083E+02 2.077328873E+01 1.509765029E+00 -4.478513077E-02 1.510429144E+00
 1.749739990E+03 9.795960083E+02 2.141329002E+01 1.507041216E+00 -4.445414245E-02 1.507696629E+00
 1.749739990E+03 9.795960083E+02 2.205329132E+01 1.504838824E+00 -4.517308250E-02 1.505516648E+00
 1.749739990E+03 9.795960083E+02 2.269329262E+01 1.503783107E+00 -4.509506747E-02 1.504459262E+00
 1.749739990E+03 9.795960083E+02 2.333328819E+01 1.502299547E+00 -4.508082569E-02 1.502975702E+00
 1.749739990E+03 9.795960083E+02 2.397328949E+01 1.500963211E+00 -4.470426217E-02 1.501628757E+00
 1.749739990E+03 9.795960083E+02 2.461329079E+01 1.498126984E+00 -4.293638095E-02 1.498742223E+00
 1.749739990E+03 9.795960083E+02 2.525328827E+01 1.495086789E+00 -4.219936579E-02 1.495682120E+00
 1.749739990E+03 9.795960083E+02 2.589328957E+01 1.493902087E+00 -4.196786508E-02 1.494491458E+00
 1.749739990E+03 9.795960083E+02 2.653329086E+01 1.492483020E+00 -4.011390731E-02 1.493022084E+00
 1.749739990E+03 9.795960083E+02 2.717329216E+01 1.491037250E+00 -3.974561021E-02 1.491567016E+00
 1.749739990E+03 9.795960083E+02 2.781328773E+01 1.489543319E+00 -4.071886837E-02 1.490099669E+00
 1.749739990E+03 9.795960083E+02 2.845328903E+01 1.487688184E+00 -3.965739533E-02 1.488216639E+00
 1.749739990E+03 9.795960083E+02 2.909329033E+01 1.486586809E+00 -3.740544990E-02 1.487057209E+00
 1.749739990E+03 9.795960083E+02 2.973329163E+01 1.484143615E+00 -3.768890351E-02 1.484622121E+00
 1.749739990E+03 9.795960083E+02 3.037328911E+01 1.481975079E+00 -3.779258579E-02 1.482456803E+00
 1.749739990E+03 9.795960083E+02 3.101329041E+01 1.480775595E+00 -3.660842031E-02 1.481227994E+00
 1.749739990E+03 9.795960083E+02 3.165329170E+01 1.479369044E+00 -3.574032336E-02 1.479800820E+00
 1.749739990E+03 9.795960083E+02 3.229328918E+01 1.478703380E+00 -3.568004817E-02 1.479133844E+00
 1.749739990E+03 9.795960083E+02 3.293328857E+01 1.476597428E+00 -3.483982384E-02 1.477008462E+00
 1.749739990E+03 9.795960083E+02 3.357329178E+01 1.475748301E+00 -3.528925031E-02 1.476170182E+00
 1.749739990E+03 9.795960083E+02 3.421329117E+01 1.474565268E+00 -3.453278914E-02 1.474969625E+00
 1.749739990E+03 9.795960083E+02 3.485328674E+01 1.471338391E+00 -3.450341523E-02 1.471742868E+00
 1.749739990E+03 9.795960083E+02 3.549328995E+01 1.469780684E+00 -3.451138735E-02 1.470185876E+00
 1.749739990E+03 9.795960083E+02 3.613328934E+01 1.468347669E+00 -3.316966444E-02 1.468722224E+00
 1.749739990E+03 9.795960083E+02 3.677329254E+01 1.466978192E+00 -3.282560408E-02 1.467345476E+00
 1.749739990E+03 9.795960083E+02 3.741328812E+01 1.465154886E+00 -3.162039816E-02 1.465496063E+00
 1.749739990E+03 9.795960083E+02 3.805329132E+01 1.461902261E+00 -3.105635755E-02 1.462232113E+00
 1.749739990E+03 9.795960083E+02 3.869329071E+01 1.459385514E+00 -3.075352311E-02 1.459709525E+00
 1.749739990E+03 9.795960083E+02 3.933328629E+01 1.460063815E+00 -3.057479113E-02 1.460383892E+00
ZONE T="plane 2, window E, line 1, a7"
 1.821373291E+03 9.795960083E+02 -1.178504086E+01 1.110125422E+00 -5.560085773E-01 1.241581321E+00
 1.821373291E+03 9.795960083E+02 -1.111837006E+01 1.044173479E+00 -5.048403740E-01 1.159811139E+00
 1.821373291E+03 9.795960083E+02 -1.045169926E+01 1.077600241E+00 -4.981632829E-01 1.187176943E+00
 1.821373291E+03 9.795960083E+02 -9.785040855E+00 1.174404025E+00 -5.177928805E-01 1.283485174E+00
 1.821373291E+03 9.795960083E+02 -9.118370056E+00 1.269308805E+00 -5.446987748E-01 1.381246448E+00
 1.821373291E+03 9.795960083E+02 -8.451699257E+00 1.326433301E+00 -5.512444377E-01 1.436417699E+00
 1.821373291E+03 9.795960083E+02 -7.785039902E+00 1.353461027E+00 -5.467936993E-01 1.459739685E+00
 1.821373291E+03 9.795960083E+02 -7.118369102E+00 1.369503856E+00 -5.347607136E-01 1.470207453E+00
 1.821373291E+03 9.795960083E+02 -6.451700687E+00 1.376825094E+00 -5.227316618E-01 1.472717047E+00
 1.821373291E+03 9.795960083E+02 -5.785039425E+00 1.380985975E+00 -5.093572140E-01 1.471926332E+00
 1.821373291E+03 9.795960083E+02 -5.118371010E+00 1.383477449E+00 -4.943065345E-01 1.469131947E+00
 1.821373291E+03 9.795960083E+02 -4.451700211E+00 1.390295744E+00 -4.809932113E-01 1.471148014E+00
 1.821373291E+03 9.795960083E+02 -3.785038948E+00 1.402614594E+00 -4.715260565E-01 1.479751468E+00
 1.821373291E+03 9.795960083E+02 -3.118370533E+00 1.412414074E+00 -4.584340155E-01 1.484949589E+00
 1.821373291E+03 9.795960083E+02 -2.451699734E+00 1.421814561E+00 -4.426619411E-01 1.489129424E+00
 1.821373291E+03 9.795960083E+02 -1.785040975E+00 1.427328229E+00 -4.335934222E-01 1.491733670E+00
 1.821373291E+03 9.795960083E+02 -1.118370175E+00 1.427230477E+00 -4.199674726E-01 1.487736344E+00
 1.821373291E+03 9.795960083E+02 -4.516993165E-01 1.424184322E+00 -4.120884538E-01 1.482604980E+00
 1.821373291E+03 9.795960083E+02 2.149595469E-01 1.424984097E+00 -4.019687772E-01 1.480594039E+00
 1.821373291E+03 9.795960083E+02 8.816303611E-01 1.424183369E+00 -3.915702701E-01 1.477032781E+00
 1.821373291E+03 9.795960083E+02 1.548301101E+00 1.420615911E+00 -3.834473789E-01 1.471455455E+00
 1.821373291E+03 9.795960083E+02 2.214960098E+00 1.419916987E+00 -3.760357201E-01 1.468865991E+00
 1.821373291E+03 9.795960083E+02 2.881630898E+00 1.416721940E+00 -3.702872396E-01 1.464313507E+00
 1.821373291E+03 9.795960083E+02 3.548289776E+00 1.415676117E+00 -3.640925586E-01 1.461746335E+00
 1.821373291E+03 9.795960083E+02 4.214970112E+00 1.415726185E+00 -3.583408296E-01 1.460372925E+00
 1.821373291E+03 9.795960083E+02 4.881631374E+00 1.415101886E+00 -3.528695405E-01 1.458434224E+00
 1.821373291E+03 9.795960083E+02 5.548302174E+00 1.410276532E+00 -3.490843773E-01 1.452838540E+00
 1.821373291E+03 9.795960083E+02 6.214958668E+00 1.406136751E+00 -3.454603255E-01 1.447951436E+00
 1.821373291E+03 9.795960083E+02 6.881629467E+00 1.405754209E+00 -3.393343985E-01 1.446130276E+00
 1.821373291E+03 9.795960083E+02 7.548300266E+00 1.405286789E+00 -3.343842924E-01 1.444522023E+00
 1.821373291E+03 9.795960083E+02 8.214961052E+00 1.402094245E+00 -3.280533850E-01 1.439960837E+00
 1.821373291E+03 9.795960083E+02 8.881631851E+00 1.401777983E+00 -3.204779327E-01 1.437945724E+00
 1.821373291E+03 9.795960083E+02 9.548288345E+00 1.402384520E+00 -3.145588934E-01 1.437229872E+00
ZONE T="plane 2, window E, line 2, a7"
 1.846706665E+03 9.795960083E+02 -2.245170021E+01 7.098211050E-01 -3.139416277E-01 7.761477828E-01
 1.846706665E+03 9.795960083E+02 -2.178503990E+01 7.709824443E-01 -3.370184004E-01 8.414245844E-01
 1.846706665E+03 9.795960083E+02 -2.111837006E+01 8.353767395E-01 -3.615340292E-01 9.102533460E-01
 1.846706665E+03 9.795960083E+02 -2.045170021E+01 9.001493454E-01 -3.882155716E-01 9.802959561E-01
 1.846706665E+03 9.795960083E+02 -1.978503990E+01 9.546886683E-01 -4.115267396E-01 1.039607882E+00
 1.846706665E+03 9.795960083E+02 -1.911837006E+01 9.967920780E-01 -4.253862500E-01 1.083765626E+00
 1.846706665E+03 9.795960083E+02 -1.845170021E+01 1.020819783E+00 -4.320529401E-01 1.108486652E+00
 1.846706665E+03 9.795960083E+02 -1.778503990E+01 1.034901738E+00 -4.351738393E-01 1.122674465E+00
 1.846706665E+03 9.795960083E+02 -1.711837006E+01 1.042665601E+00 -4.343451262E-01 1.129516363E+00
 1.846706665E+03 9.795960083E+02 -1.645170021E+01 1.050985813E+00 -4.310686886E-01 1.135954022E+00
 1.846706665E+03 9.795960083E+02 -1.578503036E+01 1.060837746E+00 -4.304003417E-01 1.144823551E+00
 1.846706665E+03 9.795960083E+02 -1.511837101E+01 1.067918897E+00 -4.310868084E-01 1.151645184E+00
 1.846706665E+03 9.795960083E+02 -1.445170021E+01 1.081695676E+00 -4.320977926E-01 1.164806366E+00
 1.846706665E+03 9.795960083E+02 -1.378503895E+01 1.097179651E+00 -4.329966605E-01 1.179529309E+00
 1.846706665E+03 9.795960083E+02 -1.311837101E+01 1.108430147E+00 -4.332633018E-01 1.190098405E+00
 1.846706665E+03 9.795960083E+02 -1.245170021E+01 1.119196057E+00 -4.337941110E-01 1.200323820E+00
 1.846706665E+03 9.795960083E+02 -1.178504086E+01 1.129236817E+00 -4.333944619E-01 1.209548116E+00
 1.846706665E+03 9.795960083E+02 -1.111837006E+01 1.135992289E+00 -4.316136241E-01 1.215223670E+00
 1.846706665E+03 9.795960083E+02 -1.045169926E+01 1.139219642E+00 -4.294399321E-01 1.217472792E+00
 1.846706665E+03 9.795960083E+02 -9.785040855E+00 1.142586112E+00 -4.264006615E-01 1.219557524E+00
 1.846706665E+03 9.795960083E+02 -9.118370056E+00 1.145252943E+00 -4.224876463E-01 1.220696688E+00
 1.846706665E+03 9.795960083E+02 -8.451699257E+00 1.149232864E+00 -4.197544456E-01 1.223490953E+00
 1.846706665E+03 9.795960083E+02 -7.785039902E+00 1.153578043E+00 -4.176871181E-01 1.226867914E+00
 1.846706665E+03 9.795960083E+02 -7.118369102E+00 1.155415654E+00 -4.132114351E-01 1.227081418E+00
 1.846706665E+03 9.795960083E+02 -6.451700687E+00 1.157847166E+00 -4.084278941E-01 1.227771759E+00
 1.846706665E+03 9.795960083E+02 -5.785039425E+00 1.163612008E+00 -4.069393277E-01 1.232717514E+00
 1.846706665E+03 9.795960083E+02 -5.118371010E+00 1.167711616E+00 -4.047513008E-01 1.235869765E+00
 1.846706665E+03 9.795960083E+02 -4.451700211E+00 1.170353055E+00 -3.991052806E-01 1.236531973E+00
 1.846706665E+03 9.795960083E+02 -3.785038948E+00 1.174864292E+00 -3.974040151E-01 1.240256548E+00
 1.846706665E+03 9.795960083E+02 -3.118370533E+00 1.178870678E+00 -3.925077617E-01 1.242496848E+00
 1.846706665E+03 9.795960083E+02 -2.451699734E+00 1.182258010E+00 -3.860935867E-01 1.243705034E+00
 1.846706665E+03 9.795960083E+02 -1.785040975E+00 1.186576366E+00 -3.833086789E-01 1.246951818E+00
 1.846706665E+03 9.795960083E+02 -1.118370175E+00 1.190147161E+00 -3.795076013E-01 1.249190211E+00
 1.846706665E+03 9.795960083E+02 -4.516993165E-01 1.192221045E+00 -3.761949837E-01 1.250165582E+00
 1.846706665E+03 9.795960083E+02 2.149595469E-01 1.197538614E+00 -3.704347014E-01 1.253523231E+00
 1.846706665E+03 9.795960083E+02 8.816303611E-01 1.200218678E+00 -3.636389375E-01 1.254096627E+00
 1.846706665E+03 9.795960083E+02 1.548301101E+00 1.200726390E+00 -3.612256646E-01 1.253885150E+00
 1.846706665E+03 9.795960083E+02 2.214960098E+00 1.207254052E+00 -3.576413989E-01 1.259114623E+00
 1.846706665E+03 9.795960083E+02 2.881630898E+00 1.210309267E+00 -3.508571684E-01 1.260138631E+00
 1.846706665E+03 9.795960083E+02 3.548289776E+00 1.210757017E+00 -3.464657962E-01 1.259353518E+00
 1.846706665E+03 9.795960083E+02 4.214970112E+00 1.214147329E+00 -3.432356417E-01 1.261730671E+00
 1.846706665E+03 9.795960083E+02 4.881631374E+00 1.217324138E+00 -3.394096196E-01 1.263755202E+00
 1.846706665E+03 9.795960083E+02 5.548302174E+00 1.219347358E+00 -3.350621760E-01 1.264545321E+00
 1.846706665E+03 9.795960083E+02 6.214958668E+00 1.223805904E+00 -3.309390843E-01 1.267762423E+00
 1.846706665E+03 9.795960083E+02 6.881629467E+00 1.226821423E+00 -3.259688914E-01 1.269388199E+00
 1.846706665E+03 9.795960083E+02 7.548300266E+00 1.226305604E+00 -3.190899491E-01 1.267139912E+00
 1.846706665E+03 9.795960083E+02 8.214961052E+00 1.230211377E+00 -3.150516748E-01 1.269912481E+00
 1.846706665E+03 9.795960083E+02 8.881631851E+00 1.232480168E+00 -3.112079501E-01 1.271163821E+00
 1.846706665E+03 9.795960083E+02 9.548288345E+00 1.233087420E+00 -3.048975170E-01 1.270223260E+00
 1.846706665E+03 9.795960083E+02 1.021495914E+01 1.234757662E+00 -3.017777205E-01 1.271100402E+00
 1.846706665E+03 9.795960083E+02 1.088162994E+01 1.235527039E+00 -2.991298735E-01 1.271222234E+00
 1.846706665E+03 9.795960083E+02 1.154830074E+01 1.237709880E+00 -2.918925583E-01 1.271663070E+00
 1.846706665E+03 9.795960083E+02 1.221495724E+01 1.239177465E+00 -2.855988443E-01 1.271663308E+00
 1.846706665E+03 9.795960083E+02 1.288162804E+01 1.241052628E+00 -2.821112871E-01 1.272713065E+00
 1.846706665E+03 9.795960083E+02 1.354828930E+01 1.241627216E+00 -2.771207094E-01 1.272176981E+00
 1.846706665E+03 9.795960083E+02 1.421496010E+01 1.241790652E+00 -2.743646801E-01 1.271738887E+00
 1.846706665E+03 9.795960083E+02 1.488163090E+01 1.244447470E+00 -2.691702247E-01 1.273225069E+00
 1.846706665E+03 9.795960083E+02 1.554830170E+01 1.245881557E+00 -2.640430033E-01 1.273553848E+00
 1.846706665E+03 9.795960083E+02 1.621495819E+01 1.247942567E+00 -2.619049549E-01 1.275129318E+00
 1.846706665E+03 9.795960083E+02 1.688162994E+01 1.247166157E+00 -2.592002451E-01 1.273816466E+00
 1.846706665E+03 9.795960083E+02 1.754829979E+01 1.246371150E+00 -2.574547529E-01 1.272683859E+00
ZONE T="plane 3, window E, line 1, a7"
 1.921900024E+03 1.223999023E+03 8.778600693E+00 1.070663095E+00 -4.700722694E-01 1.169310689E+00
 1.921900024E+03 1.223999023E+03 9.578590393E+00 1.216649890E+00 -4.953437448E-01 1.313621879E+00
 1.921900024E+03 1.223999023E+03 1.037859917E+01 1.305930853E+00 -4.928388596E-01 1.395831466E+00
 1.921900024E+03 1.223999023E+03 1.117860031E+01 1.341696143E+00 -4.763694704E-01 1.423754334E+00
 1.921900024E+03 1.223999023E+03 1.197859955E+01 1.357303262E+00 -4.545619786E-01 1.431397319E+00
 1.921900024E+03 1.223999023E+03 1.277858925E+01 1.364737391E+00 -4.301570952E-01 1.430923939E+00
 1.921900024E+03 1.223999023E+03 1.357860088E+01 1.370711684E+00 -4.148064256E-01 1.432101488E+00
 1.921900024E+03 1.223999023E+03 1.437860012E+01 1.375582576E+00 -3.971017599E-01 1.431753278E+00
 1.921900024E+03 1.223999023E+03 1.517858982E+01 1.382904530E+00 -3.810263574E-01 1.434435964E+00
 1.921900024E+03 1.223999023E+03 1.597860050E+01 1.387104273E+00 -3.700787723E-01 1.435624242E+00
 1.921900024E+03 1.223999023E+03 1.677860069E+01 1.386682153E+00 -3.567044437E-01 1.431825876E+00
 1.921900024E+03 1.223999023E+03 1.757859039E+01 1.384169340E+00 -3.394315839E-01 1.425180316E+00
 1.921900024E+03 1.223999023E+03 1.837860107E+01 1.381446362E+00 -3.206581771E-01 1.418173313E+00
 1.921900024E+03 1.223999023E+03 1.917860031E+01 1.377287388E+00 -3.045161963E-01 1.410549760E+00
 1.921900024E+03 1.223999023E+03 1.997859001E+01 1.370749831E+00 -2.936637104E-01 1.401853561E+00
 1.921900024E+03 1.223999023E+03 2.077860069E+01 1.366066813E+00 -2.803097367E-01 1.394529462E+00
 1.921900024E+03 1.223999023E+03 2.157859993E+01 1.362326741E+00 -2.702253461E-01 1.388868570E+00
 1.921900024E+03 1.223999023E+03 2.237858963E+01 1.359999299E+00 -2.576729953E-01 1.384194136E+00
 1.921900024E+03 1.223999023E+03 2.317858887E+01 1.355287433E+00 -2.465346754E-01 1.377527952E+00
 1.921900024E+03 1.223999023E+03 2.397858810E+01 1.351691723E+00 -2.377584279E-01 1.372442842E+00
 1.921900024E+03 1.223999023E+03 2.477860260E+01 1.352274656E+00 -2.314972430E-01 1.371946692E+00
 1.921900024E+03 1.223999023E+03 2.557860184E+01 1.349596143E+00 -2.213925868E-01 1.367634535E+00
 1.921900024E+03 1.223999023E+03 2.637860107E+01 1.346311569E+00 -2.149858922E-01 1.363368511E+00
 1.921900024E+03 1.223999023E+03 2.717859077E+01 1.342253447E+00 -2.108956426E-01 1.358720541E+00
 1.921900024E+03 1.223999023E+03 2.797859001E+01 1.340253234E+00 -2.051728815E-01 1.355866790E+00
 1.921900024E+03 1.223999023E+03 2.877858925E+01 1.337686181E+00 -1.992873996E-01 1.352449536E+00
 1.921900024E+03 1.223999023E+03 2.957860184E+01 1.333751678E+00 -1.930537075E-01 1.347651005E+00
 1.921900024E+03 1.223999023E+03 3.037860107E+01 1.331309795E+00 -1.871517450E-01 1.344400167E+00
 1.921900024E+03 1.223999023E+03 3.117860031E+01 1.331550598E+00 -1.821391732E-01 1.343950033E+00
 1.921900024E+03 1.223999023E+03 3.197859955E+01 1.330871105E+00 -1.769190580E-01 1.342578888E+00
 1.921900024E+03 1.223999023E+03 3.277859116E+01 1.327553630E+00 -1.716561913E-01 1.338605404E+00
 1.921900024E+03 1.223999023E+03 3.357859039E+01 1.324946165E+00 -1.676979661E-01 1.335516691E+00
 1.921900024E+03 1.223999023E+03 3.437858963E+01 1.323322177E+00 -1.620655060E-01 1.333209276E+00
 1.921900024E+03 1.223999023E+03 3.517860031E+01 1.319625735E+00 -1.559932828E-01 1.328813791E+00
 1.921900024E+03 1.223999023E+03 3.597859955E+01 1.317880869E+00 -1.500239521E-01 1.326392651E+00
 1.921900024E+03 1.223999023E+03 3.677859879E+01 1.313315511E+00 -1.402852982E-01 1.320786715E+00
 1.921900024E+03 1.223999023E+03 3.757859039E+01 1.311752319E+00 -1.398512572E-01 1.319186330E+00
 1.921900024E+03 1.223999023E+03 3.837858963E+01 1.312115908E+00 -1.400363296E-01 1.319567442E+00
 1.921900024E+03 1.223999023E+03 3.917858887E+01 1.309439898E+00 -1.338431090E-01 1.316262484E+00
 1.921900024E+03 1.223999023E+03 3.997860336E+01 1.307226062E+00 -1.284452081E-01 1.313521266E+00
 1.921900024E+03 1.223999023E+03 4.077860260E+01 1.306460977E+00 -1.249363199E-01 1.312421203E+00
 1.921900024E+03 1.223999023E+03 4.157860184E+01 1.304123282E+00 -1.226036698E-01 1.309873700E+00
 1.921900024E+03 1.223999023E+03 4.237858963E+01 1.300061107E+00 -1.133086830E-01 1.304989576E+00
ZONE T="plane 3, window E, line 2, a7"
 1.945099976E+03 1.223999023E+03 -4.821399689E+00 5.508777499E-01 -2.702599168E-01 6.136014462E-01
 1.945099976E+03 1.223999023E+03 -4.021400452E+00 5.179683566E-01 -2.515022755E-01 5.757991076E-01
 1.945099976E+03 1.223999023E+03 -3.221400023E+00 5.115361214E-01 -2.402016819E-01 5.651248097E-01
 1.945099976E+03 1.223999023E+03 -2.421399593E+00 5.478357077E-01 -2.430712730E-01 5.993393660E-01
 1.945099976E+03 1.223999023E+03 -1.621400356E+00 6.329712272E-01 -2.651757002E-01 6.862731576E-01
 1.945099976E+03 1.223999023E+03 -8.213999271E-01 7.484279871E-01 -2.984216511E-01 8.057294488E-01
 1.945099976E+03 1.223999023E+03 -2.139947936E-02 8.523575068E-01 -3.307487071E-01 9.142800570E-01
 1.945099976E+03 1.223999023E+03 7.786009312E-01 9.295709729E-01 -3.482733369E-01 9.926713705E-01
 1.945099976E+03 1.223999023E+03 1.578600168E+00 9.725068808E-01 -3.596846163E-01 1.036890864E+00
 1.945099976E+03 1.223999023E+03 2.378589869E+00 9.934267402E-01 -3.640642166E-01 1.058035612E+00
 1.945099976E+03 1.223999023E+03 3.178601027E+00 1.002282381E+00 -3.620068133E-01 1.065654159E+00
 1.945099976E+03 1.223999023E+03 3.978600264E+00 1.009328246E+00 -3.561958373E-01 1.070335865E+00
 1.945099976E+03 1.223999023E+03 4.778590202E+00 1.018670082E+00 -3.558832407E-01 1.079046607E+00
 1.945099976E+03 1.223999023E+03 5.578601360E+00 1.034059048E+00 -3.497086167E-01 1.091592550E+00
 1.945099976E+03 1.223999023E+03 6.378600597E+00 1.052651048E+00 -3.460091650E-01 1.108059764E+00
 1.945099976E+03 1.223999023E+03 7.178590298E+00 1.070699573E+00 -3.448052704E-01 1.124850392E+00
 1.945099976E+03 1.223999023E+03 7.978599072E+00 1.085840940E+00 -3.386237919E-01 1.137416720E+00
 1.945099976E+03 1.223999023E+03 8.778600693E+00 1.098852038E+00 -3.328117132E-01 1.148146033E+00
 1.945099976E+03 1.223999023E+03 9.578590393E+00 1.107541800E+00 -3.312050998E-01 1.156004190E+00
 1.945099976E+03 1.223999023E+03 1.037859917E+01 1.115382075E+00 -3.256716430E-01 1.161954999E+00
 1.945099976E+03 1.223999023E+03 1.117860031E+01 1.121463060E+00 -3.191722035E-01 1.165997624E+00
 1.945099976E+03 1.223999023E+03 1.197859955E+01 1.126197100E+00 -3.133376539E-01 1.168974042E+00
 1.945099976E+03 1.223999023E+03 1.277858925E+01 1.132463336E+00 -3.083896041E-01 1.173702359E+00
 1.945099976E+03 1.223999023E+03 1.357860088E+01 1.137944341E+00 -3.026704192E-01 1.177508712E+00
 1.945099976E+03 1.223999023E+03 1.437860012E+01 1.142956376E+00 -3.001051843E-01 1.181699038E+00
 1.945099976E+03 1.223999023E+03 1.517858982E+01 1.145422697E+00 -2.980427444E-01 1.183563590E+00
 1.945099976E+03 1.223999023E+03 1.597860050E+01 1.146518588E+00 -2.928494513E-01 1.183328271E+00
 1.945099976E+03 1.223999023E+03 1.677860069E+01 1.148638129E+00 -2.873274386E-01 1.184029818E+00
 1.945099976E+03 1.223999023E+03 1.757859039E+01 1.151836157E+00 -2.825277150E-01 1.185979962E+00
 1.945099976E+03 1.223999023E+03 1.837860107E+01 1.154970169E+00 -2.794137299E-01 1.188287973E+00
 1.945099976E+03 1.223999023E+03 1.917860031E+01 1.156327844E+00 -2.769526541E-01 1.189031959E+00
 1.945099976E+03 1.223999023E+03 1.997859001E+01 1.156230450E+00 -2.734930217E-01 1.188135982E+00
 1.945099976E+03 1.223999023E+03 2.077860069E+01 1.157440186E+00 -2.708272636E-01 1.188703179E+00
 1.945099976E+03 1.223999023E+03 2.157859993E+01 1.159687638E+00 -2.672295272E-01 1.190078616E+00
 1.945099976E+03 1.223999023E+03 2.237858963E+01 1.161110044E+00 -2.620839477E-01 1.190321207E+00
 1.945099976E+03 1.223999023E+03 2.317858887E+01 1.164282560E+00 -2.606129944E-01 1.193093896E+00
 1.945099976E+03 1.223999023E+03 2.397858810E+01 1.167181134E+00 -2.575434446E-01 1.195257425E+00
 1.945099976E+03 1.223999023E+03 2.477860260E+01 1.165907502E+00 -2.513761818E-01 1.192698836E+00
 1.945099976E+03 1.223999023E+03 2.557860184E+01 1.166826010E+00 -2.479619533E-01 1.192882299E+00
 1.945099976E+03 1.223999023E+03 2.637860107E+01 1.169829249E+00 -2.441225052E-01 1.195029974E+00
 1.945099976E+03 1.223999023E+03 2.717859077E+01 1.170995235E+00 -2.409695834E-01 1.195531726E+00
 1.945099976E+03 1.223999023E+03 2.797859001E+01 1.171242833E+00 -2.379464209E-01 1.195168734E+00
 1.945099976E+03 1.223999023E+03 2.877858925E+01 1.169047117E+00 -2.352589965E-01 1.192483902E+00
 1.945099976E+03 1.223999023E+03 2.957860184E+01 1.172876716E+00 -2.287436277E-01 1.194974303E+00
 1.945099976E+03 1.223999023E+03 3.037860107E+01 1.178902268E+00 -2.237982750E-01 1.199956894E+00
 1.945099976E+03 1.223999023E+03 3.117860031E+01 1.180848241E+00 -2.179873437E-01 1.200800180E+00
 1.945099976E+03 1.223999023E+03 3.197859955E+01 1.178342462E+00 -2.174659818E-01 1.198241472E+00
 1.945099976E+03 1.223999023E+03 3.277859116E+01 1.181837082E+00 -2.133393288E-01 1.200938106E+00
 1.945099976E+03 1.223999023E+03 3.357859039E+01 1.183881402E+00 -2.078610063E-01 1.201990485E+00
 1.945099976E+03 1.223999023E+03 3.437858963E+01 1.183082581E+00 -2.026051879E-01 1.200305581E+00
 1.945099976E+03 1.223999023E+03 3.517860031E+01 1.186090469E+00 -1.956370473E-01 1.202116609E+00
 1.945099976E+03 1.223999023E+03 3.597859955E+01 1.186928034E+00 -1.879146844E-01 1.201711416E+00
 1.945099976E+03 1.223999023E+03 3.677859879E+01 1.191326976E+00 -1.808469296E-01 1.204975367E+00
 1.945099976E+03 1.223999023E+03 3.757859039E+01 1.194704533E+00 -1.771648675E-01 1.207769275E+00
 1.945099976E+03 1.223999023E+03 3.837858963E+01 1.194465399E+00 -1.713665277E-01 1.206695437E+00
 1.945099976E+03 1.223999023E+03 3.917858887E+01 1.191486716E+00 -1.648308635E-01 1.202834010E+00
 1.945099976E+03 1.223999023E+03 3.997860336E+01 1.192474246E+00 -1.606504172E-01 1.203246951E+00
 1.945099976E+03 1.223999023E+03 4.077860260E+01 1.200795770E+00 -1.606727391E-01 1.211497545E+00
 1.945099976E+03 1.223999023E+03 4.157860184E+01 1.204775691E+00 -1.544757783E-01 1.214638829E+00
 1.945099976E+03 1.223999023E+03 4.237858963E+01 1.201020002E+00 -1.434414983E-01 1.209555507E+00
 1.945099976E+03 1.223999023E+03 4.317858887E+01 1.201862812E+00 -1.384045780E-01 1.209805846E+00
 1.945099976E+03 1.223999023E+03 4.397858810E+01 1.206157565E+00 -1.352884471E-01 1.213721037E+00
 1.945099976E+03 1.223999023E+03 4.477859116E+01 1.200435042E+00 -1.318483800E-01 1.207653880E+00
 1.945099976E+03 1.223999023E+03 4.557860184E+01 1.197862506E+00 -1.249175742E-01 1.204358459E+00
 1.945099976E+03 1.223999023E+03 4.637860107E+01 1.203753948E+00 -1.190196425E-01 1.209623575E+00
 1.945099976E+03 1.223999023E+03 4.717858887E+01 1.203749537E+00 -1.198215634E-01 1.209698439E+00
 1.945099976E+03 1.223999023E+03 4.797858810E+01 1.203172088E+00 -1.169674173E-01 1.208844304E+00
 1.945099976E+03 1.223999023E+03 4.877858734E+01 1.206407666E+00 -1.045882031E-01 1.210932851E+00
 1.945099976E+03 1.223999023E+03 4.957858658E+01 1.206736326E+00 -9.968381375E-02 1.210846663E+00
 1.945099976E+03 1.223999023E+03 5.037860107E+01 1.202395558E+00 -1.014680713E-01 1.206669211E+00
